0.95 0.942 0.938 0.895 0.696 0.11 0.525 0.905 0.922 0.931 0.92 0.856 0.746 0.824 0.854 0.839 0.881 0.765 0.627 0.942
0.916 0.913 0.77 0.282 0.849 0.875 0.866 0.864 0.866 0.878 0.902 0.879 0.819 0.807 0.803 0.797 0.811 0.803 0.805 0.887
0.915 0.895 0.903 0.741 0.231 0.848 0.877 0.868 0.872 0.879 0.853 0.842 0.835 0.832 0.835 0.848 0.764 0.635 0.884 0.91
0.91 0.899 0.889 0.877 0.894 0.609 0.428 0.864 0.861 0.869 0.883 0.842 0.825 0.834 0.83 0.829 0.842 0.697 0.815 0.914
0.902 0.892 0.887 0.88 0.869 0.889 0.517 0.498 0.874 0.865 0.895 0.859 0.821 0.818 0.833 0.828 0.839 0.823 0.696 0.884
0.926 0.909 0.898 0.889 0.892 0.716 0.554 0.886 0.878 0.886 0.895 0.887 0.886 0.869 0.861 0.838 0.838 0.842 0.847 0.856
0.926 0.909 0.898 0.889 0.893 0.651 0.464 0.888 0.879 0.887 0.894 0.887 0.866 0.853 0.827 0.833 0.834 0.841 0.849 0.859
0.924 0.91 0.898 0.889 0.882 0.89 0.573 0.395 0.888 0.883 0.893 0.87 0.856 0.83 0.831 0.828 0.833 0.843 0.849 0.824
0.93 0.889 0.714 0.134 0.227 0.849 0.881 0.894 0.895 0.903 0.897 0.826 0.677 0.735 0.805 0.777 0.819 0.777 0.464 0.878
0.941 0.931 0.886 0.695 0.114 0.354 0.882 0.903 0.912 0.918 0.91 0.844 0.71 0.781 0.831 0.808 0.848 0.791 0.514 0.907
0.942 0.931 0.831 0.611 0.379 0.694 0.916 0.913 0.914 0.918 0.929 0.871 0.835 0.873 0.864 0.859 0.866 0.88 0.821 0.556
0.942 0.931 0.921 0.922 0.88 0.708 0.333 0.635 0.877 0.913 0.833 0.867 0.865 0.86 0.864 0.873 0.815 0.558 0.887 0.934
0.943 0.931 0.922 0.919 0.776 0.478 0.371 0.833 0.898 0.919 0.831 0.855 0.869 0.859 0.864 0.866 0.874 0.625 0.763 0.938
0.942 0.93 0.922 0.918 0.771 0.471 0.364 0.831 0.895 0.917 0.827 0.852 0.865 0.856 0.86 0.864 0.872 0.62 0.761 0.938
0.927 0.915 0.905 0.905 0.806 0.423 0.468 0.821 0.806 0.835 0.887 0.804 0.858 0.858 0.853 0.847 0.871 0.498 0.54 0.916
0.927 0.913 0.903 0.905 0.792 0.406 0.485 0.824 0.801 0.833 0.883 0.802 0.856 0.856 0.85 0.844 0.868 0.473 0.555 0.918
0.929 0.872 0.856 0.678 0.505 0.466 0.794 0.846 0.837 0.877 0.729 0.691 0.828 0.853 0.868 0.866 0.887 0.807 0.38 0.84
0.938 0.9 0.868 0.792 0.527 0.443 0.676 0.843 0.825 0.85 0.874 0.631 0.787 0.841 0.863 0.868 0.865 0.902 0.531 0.581
0.938 0.912 0.865 0.828 0.556 0.46 0.602 0.839 0.824 0.841 0.89 0.638 0.775 0.84 0.862 0.869 0.865 0.901 0.624 0.493
0.932 0.89 0.88 0.831 0.645 0.577 0.685 0.824 0.809 0.831 0.793 0.843 0.865 0.87 0.864 0.892 0.704 0.417 0.809 0.862
0.938 0.9 0.872 0.769 0.529 0.449 0.69 0.844 0.825 0.853 0.854 0.638 0.807 0.846 0.865 0.869 0.867 0.899 0.481 0.634
0.939 0.901 0.871 0.769 0.529 0.448 0.688 0.844 0.824 0.853 0.85 0.639 0.808 0.846 0.865 0.869 0.867 0.899 0.478 0.635
0.939 0.929 0.874 0.625 0.405 0.418 0.864 0.901 0.898 0.902 0.904 0.813 0.85 0.853 0.843 0.846 0.848 0.863 0.633 0.687
0.96 0.951 0.946 0.942 0.932 0.693 0.393 0.426 0.491 0.816 0.85 0.842 0.889 0.859 0.749 0.818 0.849 0.845 0.828 0.746
0.96 0.951 0.946 0.941 0.936 0.73 0.393 0.419 0.476 0.781 0.847 0.842 0.888 0.859 0.746 0.817 0.847 0.845 0.825 0.746
0.96 0.951 0.946 0.941 0.938 0.762 0.44 0.446 0.483 0.76 0.883 0.821 0.883 0.873 0.771 0.791 0.851 0.845 0.839 0.761
0.96 0.951 0.945 0.941 0.938 0.761 0.44 0.449 0.483 0.758 0.883 0.821 0.883 0.872 0.771 0.79 0.851 0.844 0.839 0.761
0.942 0.932 0.923 0.928 0.805 0.512 0.372 0.212 0.633 0.904 0.779 0.829 0.842 0.759 0.737 0.818 0.824 0.801 0.744 0.659
0.94 0.93 0.923 0.919 0.888 0.831 0.71 0.3 0.64 0.915 0.854 0.826 0.873 0.862 0.842 0.86 0.872 0.871 0.8 0.759
0.94 0.929 0.923 0.919 0.888 0.831 0.709 0.298 0.64 0.915 0.854 0.826 0.872 0.861 0.841 0.86 0.872 0.87 0.8 0.755
0.906 0.892 0.842 0.778 0.677 0.285 0.567 0.876 0.847 0.859 0.769 0.818 0.814 0.79 0.805 0.818 0.817 0.744 0.602 0.812
0.916 0.901 0.89 0.889 0.835 0.72 0.776 0.566 0.247 0.828 0.673 0.729 0.766 0.819 0.823 0.821 0.82 0.841 0.836 0.739
0.935 0.926 0.878 0.808 0.856 0.734 0.393 0.849 0.894 0.89 0.817 0.818 0.862 0.858 0.862 0.869 0.877 0.84 0.764 0.854
0.934 0.926 0.876 0.804 0.857 0.727 0.391 0.852 0.892 0.89 0.813 0.818 0.86 0.858 0.863 0.867 0.876 0.842 0.762 0.848
0.927 0.91 0.907 0.812 0.717 0.768 0.331 0.629 0.906 0.889 0.721 0.768 0.823 0.862 0.851 0.854 0.864 0.87 0.767 0.713
0.931 0.895 0.821 0.794 0.697 0.488 0.407 0.376 0.245 0.346 0.185 0.358 0.825 0.512 0.765 0.864 0.853 0.778 0.506 0.541
0.927 0.882 0.847 0.767 0.642 0.626 0.469 0.373 0.52 0.831 0.949 0.534 0.213 0.844 0.708 0.606 0.835 0.827 0.785 0.587
0.94 0.901 0.872 0.802 0.687 0.673 0.516 0.419 0.567 0.859 0.959 0.574 0.248 0.87 0.746 0.655 0.862 0.853 0.818 0.635
0.958 0.951 0.899 0.541 0.393 0.577 0.597 0.913 0.935 0.937 0.815 0.874 0.889 0.778 0.737 0.852 0.853 0.862 0.763 0.894
0.948 0.939 0.93 0.94 0.734 0.601 0.609 0.613 0.901 0.92 0.881 0.868 0.843 0.714 0.638 0.875 0.89 0.939 0.905 0.866
0.953 0.945 0.938 0.943 0.866 0.411 0.679 0.539 0.897 0.919 0.889 0.875 0.865 0.842 0.738 0.618 0.877 0.89 0.938 0.926
0.953 0.945 0.938 0.941 0.891 0.337 0.649 0.534 0.896 0.925 0.898 0.881 0.872 0.858 0.842 0.69 0.677 0.886 0.902 0.943
0.953 0.945 0.939 0.94 0.906 0.313 0.615 0.519 0.889 0.925 0.895 0.888 0.872 0.869 0.841 0.801 0.584 0.856 0.892 0.934
0.953 0.945 0.939 0.938 0.922 0.288 0.498 0.567 0.881 0.924 0.903 0.886 0.887 0.869 0.872 0.844 0.819 0.588 0.85 0.9
0.954 0.945 0.943 0.926 0.308 0.535 0.522 0.879 0.921 0.936 0.891 0.894 0.88 0.873 0.861 0.848 0.701 0.692 0.894 0.906
0.954 0.944 0.949 0.859 0.282 0.526 0.629 0.909 0.924 0.936 0.892 0.893 0.881 0.873 0.864 0.849 0.731 0.668 0.892 0.903
0.954 0.947 0.938 0.362 0.486 0.532 0.876 0.921 0.932 0.935 0.893 0.894 0.884 0.873 0.866 0.851 0.75 0.646 0.89 0.903
0.964 0.833 0.321 0.551 0.687 0.917 0.929 0.932 0.931 0.935 0.893 0.895 0.882 0.874 0.859 0.853 0.691 0.714 0.896 0.91
0.963 0.832 0.321 0.547 0.686 0.917 0.928 0.931 0.931 0.935 0.892 0.895 0.88 0.872 0.859 0.853 0.69 0.714 0.895 0.91
0.953 0.95 0.827 0.672 0.311 0.801 0.918 0.928 0.927 0.933 0.937 0.931 0.883 0.873 0.833 0.841 0.692 0.758 0.909 0.898
0.949 0.908 0.698 0.372 0.311 0.908 0.908 0.918 0.918 0.924 0.894 0.88 0.838 0.838 0.722 0.694 0.897 0.894 0.786 0.864
0.95 0.909 0.7 0.375 0.311 0.908 0.909 0.918 0.919 0.924 0.894 0.881 0.84 0.84 0.723 0.694 0.897 0.894 0.788 0.865
0.949 0.908 0.697 0.371 0.311 0.908 0.908 0.918 0.918 0.924 0.894 0.88 0.838 0.838 0.721 0.693 0.896 0.894 0.786 0.864
0.95 0.911 0.704 0.38 0.311 0.908 0.909 0.918 0.919 0.924 0.895 0.882 0.842 0.841 0.724 0.697 0.897 0.895 0.788 0.866
0.944 0.936 0.933 0.898 0.709 0.333 0.275 0.909 0.907 0.922 0.897 0.881 0.841 0.836 0.745 0.679 0.892 0.901 0.808 0.824
0.944 0.936 0.933 0.898 0.709 0.333 0.275 0.909 0.907 0.923 0.897 0.882 0.841 0.836 0.746 0.679 0.893 0.901 0.808 0.824
0.881 0.641 0.821 0.774 0.563 0.716 0.834 0.868 0.88 0.886 0.877 0.831 0.808 0.765 0.514 0.65 0.891 0.802 0.773 0.923
0.932 0.815 0.633 0.823 0.714 0.556 0.768 0.841 0.877 0.888 0.901 0.88 0.84 0.814 0.798 0.613 0.56 0.877 0.866 0.729
0.928 0.882 0.617 0.782 0.778 0.56 0.698 0.83 0.866 0.888 0.898 0.88 0.838 0.812 0.801 0.622 0.544 0.873 0.874 0.725
0.921 0.913 0.697 0.688 0.817 0.627 0.602 0.805 0.852 0.888 0.899 0.876 0.832 0.813 0.788 0.567 0.605 0.887 0.854 0.74
0.942 0.93 0.921 0.913 0.404 0.376 0.729 0.46 0.823 0.931 0.737 0.809 0.877 0.868 0.746 0.707 0.866 0.858 0.763 0.759
0.942 0.93 0.922 0.917 0.612 0.368 0.807 0.601 0.725 0.931 0.916 0.735 0.811 0.873 0.866 0.739 0.721 0.872 0.858 0.769
0.942 0.93 0.923 0.916 0.817 0.218 0.632 0.573 0.573 0.922 0.716 0.818 0.876 0.864 0.736 0.725 0.869 0.842 0.758 0.76
0.942 0.929 0.923 0.916 0.818 0.218 0.632 0.573 0.572 0.922 0.715 0.817 0.875 0.864 0.736 0.725 0.869 0.842 0.757 0.76
0.942 0.93 0.919 0.871 0.252 0.542 0.66 0.525 0.903 0.922 0.702 0.858 0.873 0.849 0.686 0.782 0.876 0.814 0.739 0.806
0.942 0.931 0.917 0.88 0.279 0.541 0.618 0.475 0.906 0.921 0.717 0.801 0.878 0.866 0.753 0.721 0.87 0.84 0.766 0.754
0.941 0.931 0.917 0.88 0.279 0.54 0.617 0.474 0.907 0.921 0.716 0.801 0.878 0.867 0.752 0.719 0.87 0.839 0.766 0.755
0.934 0.919 0.913 0.893 0.76 0.554 0.643 0.532 0.897 0.903 0.821 0.868 0.755 0.763 0.872 0.851 0.617 0.745 0.931 0.927
0.934 0.921 0.913 0.899 0.805 0.563 0.628 0.419 0.876 0.91 0.867 0.821 0.864 0.722 0.801 0.878 0.834 0.578 0.828 0.938
0.934 0.92 0.912 0.898 0.805 0.563 0.631 0.419 0.876 0.91 0.867 0.82 0.864 0.722 0.799 0.878 0.834 0.576 0.829 0.937
0.934 0.921 0.903 0.769 0.556 0.606 0.479 0.897 0.898 0.904 0.926 0.862 0.818 0.861 0.715 0.807 0.879 0.853 0.608 0.816
0.935 0.922 0.904 0.771 0.557 0.611 0.479 0.899 0.899 0.905 0.927 0.861 0.818 0.864 0.718 0.809 0.879 0.856 0.611 0.818
0.936 0.922 0.913 0.906 0.849 0.601 0.64 0.483 0.796 0.919 0.823 0.866 0.788 0.745 0.873 0.861 0.655 0.706 0.929 0.93
0.936 0.921 0.91 0.84 0.588 0.647 0.418 0.838 0.911 0.905 0.876 0.818 0.867 0.737 0.789 0.877 0.858 0.618 0.788 0.938
0.935 0.923 0.896 0.768 0.576 0.621 0.551 0.907 0.9 0.906 0.82 0.866 0.786 0.753 0.873 0.864 0.687 0.697 0.922 0.93
0.936 0.923 0.916 0.902 0.636 0.6 0.554 0.628 0.915 0.906 0.91 0.831 0.862 0.821 0.703 0.851 0.881 0.808 0.579 0.922
0.936 0.923 0.914 0.91 0.784 0.562 0.642 0.47 0.887 0.911 0.929 0.909 0.826 0.857 0.828 0.707 0.855 0.887 0.818 0.556
0.936 0.923 0.914 0.911 0.785 0.562 0.643 0.473 0.888 0.912 0.929 0.91 0.826 0.857 0.83 0.709 0.855 0.888 0.818 0.557
0.939 0.921 0.918 0.849 0.659 0.603 0.465 0.703 0.872 0.901 0.851 0.606 0.845 0.864 0.826 0.858 0.868 0.853 0.719 0.834
0.938 0.921 0.917 0.849 0.659 0.6 0.461 0.702 0.871 0.9 0.851 0.605 0.844 0.864 0.826 0.856 0.866 0.853 0.717 0.831
0.939 0.921 0.917 0.849 0.66 0.601 0.464 0.702 0.872 0.9 0.852 0.605 0.844 0.864 0.826 0.857 0.868 0.853 0.717 0.832
0.931 0.916 0.912 0.783 0.632 0.555 0.52 0.807 0.884 0.897 0.635 0.759 0.882 0.824 0.847 0.858 0.866 0.742 0.758 0.903
0.939 0.928 0.909 0.723 0.643 0.486 0.624 0.842 0.886 0.895 0.929 0.771 0.594 0.877 0.841 0.843 0.866 0.868 0.821 0.675
0.939 0.928 0.908 0.72 0.642 0.486 0.621 0.841 0.885 0.895 0.928 0.769 0.595 0.877 0.84 0.843 0.864 0.867 0.82 0.675
0.946 0.933 0.936 0.858 0.343 0.521 0.636 0.865 0.919 0.915 0.88 0.872 0.879 0.837 0.665 0.794 0.846 0.764 0.824 0.935
0.945 0.934 0.932 0.898 0.394 0.493 0.526 0.829 0.923 0.915 0.902 0.879 0.87 0.87 0.877 0.723 0.737 0.846 0.827 0.76
0.945 0.934 0.934 0.886 0.373 0.49 0.534 0.846 0.922 0.916 0.901 0.878 0.871 0.871 0.873 0.708 0.75 0.847 0.821 0.765
0.946 0.934 0.933 0.887 0.361 0.449 0.561 0.849 0.921 0.915 0.893 0.873 0.869 0.879 0.815 0.673 0.815 0.847 0.763 0.851
0.945 0.933 0.933 0.886 0.357 0.449 0.56 0.847 0.92 0.915 0.891 0.872 0.869 0.879 0.814 0.672 0.813 0.847 0.76 0.85
0.946 0.933 0.936 0.859 0.344 0.5 0.624 0.867 0.919 0.915 0.88 0.873 0.873 0.864 0.686 0.76 0.844 0.798 0.782 0.928
0.93 0.915 0.908 0.51 0.498 0.48 0.843 0.898 0.892 0.899 0.892 0.844 0.851 0.864 0.793 0.786 0.818 0.795 0.769 0.781
0.929 0.912 0.919 0.649 0.449 0.471 0.753 0.903 0.889 0.898 0.883 0.844 0.853 0.858 0.782 0.79 0.816 0.791 0.758 0.806
0.929 0.912 0.92 0.649 0.445 0.469 0.753 0.903 0.89 0.899 0.883 0.843 0.853 0.858 0.782 0.79 0.815 0.789 0.758 0.807
0.931 0.901 0.473 0.519 0.531 0.876 0.896 0.893 0.893 0.898 0.858 0.844 0.865 0.821 0.77 0.807 0.799 0.771 0.733 0.911
0.927 0.924 0.829 0.43 0.516 0.64 0.899 0.891 0.896 0.899 0.852 0.847 0.865 0.798 0.778 0.81 0.786 0.763 0.766 0.927
0.928 0.913 0.915 0.842 0.405 0.505 0.621 0.896 0.89 0.901 0.852 0.849 0.864 0.797 0.775 0.811 0.788 0.766 0.762 0.923
0.928 0.915 0.906 0.903 0.892 0.469 0.483 0.527 0.868 0.902 0.854 0.849 0.867 0.803 0.775 0.812 0.788 0.783 0.757 0.914
0.928 0.915 0.906 0.903 0.891 0.469 0.484 0.529 0.869 0.902 0.853 0.849 0.868 0.803 0.776 0.812 0.788 0.782 0.757 0.915
0.957 0.954 0.576 0.589 0.838 0.869 0.842 0.843 0.936 0.939 0.916 0.918 0.922 0.918 0.926 0.822 0.744 0.896 0.732 0.76
0.959 0.961 0.792 0.446 0.801 0.861 0.862 0.811 0.918 0.942 0.917 0.918 0.922 0.919 0.925 0.853 0.716 0.888 0.78 0.722
0.961 0.961 0.856 0.428 0.772 0.852 0.87 0.807 0.908 0.942 0.915 0.915 0.921 0.919 0.921 0.889 0.706 0.87 0.838 0.66
0.962 0.96 0.909 0.456 0.81 0.873 0.906 0.852 0.9 0.949 0.932 0.909 0.915 0.92 0.918 0.925 0.851 0.734 0.889 0.826
0.949 0.874 0.647 0.727 0.75 0.737 0.864 0.918 0.911 0.917 0.931 0.891 0.887 0.889 0.858 0.788 0.856 0.863 0.76 0.694
0.949 0.894 0.663 0.735 0.749 0.727 0.852 0.918 0.911 0.916 0.913 0.892 0.894 0.889 0.805 0.831 0.869 0.826 0.669 0.866
0.951 0.873 0.67 0.748 0.754 0.734 0.87 0.918 0.913 0.917 0.908 0.894 0.895 0.887 0.797 0.841 0.869 0.806 0.68 0.896
0.93 0.872 0.874 0.74 0.135 0.48 0.923 0.915 0.918 0.923 0.826 0.618 0.79 0.877 0.873 0.762 0.719 0.855 0.885 0.894
0.941 0.877 0.872 0.793 0.209 0.298 0.905 0.917 0.918 0.923 0.844 0.608 0.791 0.875 0.875 0.781 0.7 0.849 0.885 0.893
0.933 0.864 0.866 0.59 0.162 0.588 0.918 0.915 0.917 0.922 0.638 0.695 0.877 0.87 0.854 0.675 0.782 0.877 0.881 0.891
0.945 0.934 0.931 0.878 0.828 0.455 0.341 0.471 0.858 0.926 0.485 0.839 0.872 0.865 0.851 0.62 0.803 0.877 0.88 0.886
0.945 0.934 0.931 0.91 0.84 0.805 0.348 0.309 0.667 0.923 0.509 0.831 0.875 0.871 0.837 0.628 0.822 0.877 0.881 0.889
0.944 0.935 0.931 0.908 0.84 0.812 0.463 0.29 0.681 0.927 0.935 0.67 0.655 0.881 0.863 0.878 0.718 0.722 0.88 0.885
0.945 0.935 0.932 0.912 0.84 0.809 0.407 0.276 0.638 0.923 0.838 0.529 0.862 0.869 0.875 0.81 0.641 0.85 0.88 0.89
0.938 0.927 0.921 0.904 0.873 0.825 0.34 0.722 0.911 0.906 0.872 0.767 0.889 0.87 0.878 0.878 0.881 0.875 0.776 0.888
0.938 0.926 0.921 0.903 0.872 0.823 0.336 0.72 0.91 0.905 0.868 0.768 0.888 0.869 0.878 0.877 0.881 0.874 0.771 0.889
0.938 0.928 0.922 0.904 0.872 0.826 0.337 0.723 0.911 0.906 0.87 0.772 0.889 0.87 0.878 0.878 0.881 0.875 0.775 0.89
0.938 0.927 0.921 0.904 0.872 0.824 0.336 0.719 0.91 0.905 0.869 0.769 0.888 0.869 0.878 0.877 0.881 0.873 0.771 0.889
0.938 0.927 0.921 0.904 0.872 0.824 0.335 0.72 0.909 0.904 0.869 0.769 0.888 0.869 0.878 0.878 0.88 0.872 0.77 0.889
0.94 0.93 0.88 0.851 0.702 0.7 0.782 0.729 0.787 0.912 0.734 0.874 0.892 0.861 0.567 0.856 0.895 0.847 0.782 0.931
0.943 0.935 0.903 0.865 0.766 0.64 0.706 0.691 0.67 0.877 0.857 0.686 0.87 0.89 0.859 0.574 0.856 0.897 0.863 0.772
0.943 0.934 0.907 0.868 0.78 0.642 0.704 0.701 0.66 0.862 0.872 0.676 0.865 0.887 0.867 0.577 0.845 0.898 0.87 0.764
0.943 0.933 0.907 0.867 0.78 0.64 0.703 0.7 0.657 0.861 0.871 0.675 0.863 0.885 0.866 0.577 0.844 0.897 0.869 0.763
0.894 0.766 0.709 0.432 0.179 0.197 0.332 0.438 0.677 0.866 0.127 0.0532 0.215 0.688 0.769 0.766 0.797 0.814 0.795 0.801
0.94 0.859 0.822 0.601 0.28 0.287 0.449 0.561 0.781 0.92 0.226 0.0828 0.291 0.783 0.862 0.859 0.876 0.889 0.879 0.878
0.948 0.863 0.834 0.668 0.312 0.266 0.401 0.496 0.717 0.894 0.342 0.0766 0.195 0.719 0.861 0.855 0.87 0.888 0.883 0.874
0.967 0.962 0.956 0.952 0.956 0.891 0.428 0.663 0.422 0.745 0.87 0.858 0.864 0.857 0.889 0.868 0.844 0.855 0.851 0.924
0.958 0.948 0.944 0.934 0.574 0.484 0.504 0.394 0.911 0.935 0.828 0.826 0.828 0.812 0.854 0.836 0.815 0.821 0.816 0.905
0.957 0.948 0.943 0.934 0.573 0.48 0.501 0.391 0.909 0.935 0.828 0.824 0.827 0.811 0.854 0.835 0.814 0.82 0.815 0.903
0.957 0.948 0.943 0.934 0.573 0.48 0.501 0.389 0.908 0.935 0.827 0.823 0.827 0.809 0.853 0.835 0.813 0.821 0.815 0.903
0.957 0.947 0.947 0.772 0.424 0.588 0.326 0.815 0.939 0.929 0.82 0.826 0.823 0.812 0.852 0.832 0.812 0.821 0.816 0.91
0.956 0.947 0.949 0.84 0.421 0.547 0.307 0.731 0.94 0.929 0.88 0.807 0.826 0.814 0.818 0.853 0.832 0.812 0.828 0.826
0.956 0.947 0.948 0.84 0.417 0.542 0.306 0.73 0.94 0.928 0.88 0.805 0.824 0.813 0.817 0.851 0.831 0.812 0.827 0.826
0.95 0.939 0.931 0.925 0.925 0.531 0.514 0.459 0.574 0.918 0.794 0.854 0.833 0.853 0.846 0.831 0.843 0.801 0.629 0.935
0.95 0.938 0.929 0.935 0.83 0.358 0.498 0.357 0.823 0.925 0.808 0.823 0.847 0.835 0.856 0.835 0.827 0.864 0.648 0.833
0.95 0.938 0.929 0.935 0.83 0.358 0.498 0.357 0.822 0.925 0.808 0.822 0.847 0.835 0.856 0.834 0.827 0.863 0.648 0.833
0.95 0.94 0.923 0.461 0.48 0.379 0.657 0.919 0.91 0.917 0.89 0.778 0.851 0.828 0.852 0.845 0.83 0.848 0.773 0.65
0.95 0.94 0.924 0.463 0.481 0.379 0.655 0.919 0.91 0.917 0.89 0.778 0.852 0.829 0.851 0.845 0.831 0.848 0.773 0.65
0.95 0.94 0.923 0.46 0.48 0.378 0.654 0.919 0.91 0.916 0.889 0.777 0.851 0.829 0.851 0.844 0.83 0.847 0.773 0.647
0.949 0.95 0.722 0.422 0.489 0.45 0.884 0.916 0.912 0.917 0.911 0.776 0.844 0.832 0.847 0.848 0.832 0.842 0.803 0.615
0.947 0.946 0.639 0.429 0.437 0.496 0.905 0.914 0.913 0.918 0.872 0.784 0.851 0.828 0.854 0.842 0.828 0.855 0.722 0.706
0.95 0.938 0.931 0.927 0.906 0.432 0.471 0.335 0.676 0.928 0.827 0.811 0.851 0.832 0.858 0.838 0.826 0.867 0.663 0.795
0.95 0.939 0.931 0.928 0.907 0.437 0.474 0.34 0.678 0.928 0.829 0.812 0.854 0.832 0.859 0.841 0.829 0.867 0.666 0.795
0.95 0.939 0.931 0.927 0.906 0.434 0.469 0.337 0.678 0.928 0.828 0.81 0.852 0.832 0.858 0.84 0.828 0.867 0.666 0.795
0.948 0.937 0.931 0.889 0.524 0.723 0.751 0.599 0.739 0.886 0.85 0.849 0.851 0.835 0.827 0.838 0.838 0.823 0.788 0.802
0.948 0.937 0.932 0.889 0.525 0.724 0.752 0.597 0.738 0.886 0.849 0.85 0.85 0.837 0.828 0.84 0.836 0.823 0.788 0.803
0.948 0.937 0.931 0.888 0.521 0.719 0.752 0.596 0.736 0.885 0.849 0.848 0.85 0.835 0.826 0.838 0.836 0.821 0.785 0.801
0.94 0.925 0.93 0.812 0.331 0.618 0.545 0.617 0.819 0.921 0.795 0.809 0.82 0.809 0.784 0.752 0.745 0.812 0.821 0.816
0.94 0.926 0.927 0.851 0.331 0.601 0.552 0.599 0.801 0.92 0.793 0.808 0.819 0.811 0.786 0.755 0.745 0.811 0.821 0.818
0.94 0.924 0.93 0.825 0.303 0.674 0.56 0.534 0.84 0.92 0.801 0.815 0.82 0.802 0.772 0.746 0.767 0.818 0.819 0.811
0.957 0.946 0.955 0.7 0.429 0.736 0.502 0.797 0.942 0.939 0.85 0.863 0.869 0.857 0.836 0.816 0.833 0.869 0.867 0.852
0.957 0.946 0.955 0.701 0.428 0.734 0.504 0.797 0.942 0.939 0.851 0.863 0.87 0.858 0.835 0.816 0.833 0.869 0.866 0.851
0.956 0.948 0.947 0.917 0.812 0.624 0.215 0.874 0.936 0.935 0.86 0.858 0.816 0.826 0.872 0.878 0.878 0.891 0.905 0.913
0.955 0.949 0.946 0.923 0.786 0.68 0.177 0.847 0.938 0.934 0.84 0.864 0.822 0.816 0.865 0.878 0.878 0.886 0.904 0.909
0.955 0.949 0.945 0.925 0.766 0.613 0.188 0.847 0.937 0.934 0.812 0.866 0.835 0.81 0.847 0.878 0.877 0.882 0.901 0.911
0.955 0.948 0.945 0.924 0.766 0.612 0.188 0.846 0.937 0.934 0.81 0.865 0.834 0.81 0.847 0.877 0.877 0.882 0.9 0.911
0.955 0.949 0.945 0.924 0.766 0.612 0.188 0.845 0.937 0.934 0.81 0.866 0.834 0.81 0.846 0.878 0.877 0.881 0.9 0.91
0.956 0.949 0.947 0.915 0.763 0.579 0.214 0.879 0.937 0.935 0.89 0.818 0.866 0.822 0.817 0.866 0.882 0.882 0.891 0.911
0.956 0.948 0.947 0.915 0.762 0.576 0.212 0.878 0.937 0.934 0.889 0.817 0.865 0.819 0.813 0.865 0.881 0.881 0.891 0.91
0.954 0.95 0.88 0.823 0.879 0.306 0.881 0.928 0.921 0.928 0.939 0.898 0.872 0.851 0.82 0.844 0.906 0.904 0.911 0.839
0.948 0.943 0.877 0.791 0.878 0.295 0.86 0.927 0.919 0.926 0.892 0.875 0.851 0.814 0.855 0.903 0.899 0.908 0.79 0.911
0.948 0.944 0.878 0.792 0.879 0.296 0.861 0.927 0.919 0.926 0.894 0.875 0.851 0.815 0.856 0.904 0.899 0.908 0.791 0.911
0.954 0.946 0.939 0.933 0.905 0.749 0.882 0.573 0.514 0.941 0.909 0.874 0.856 0.831 0.818 0.896 0.903 0.905 0.883 0.881
0.954 0.946 0.938 0.933 0.904 0.749 0.882 0.571 0.516 0.942 0.908 0.873 0.855 0.83 0.818 0.896 0.902 0.905 0.883 0.881
0.953 0.893 0.783 0.902 0.391 0.744 0.935 0.916 0.92 0.926 0.902 0.875 0.856 0.821 0.829 0.899 0.902 0.89 0.821 0.901
0.953 0.894 0.784 0.902 0.391 0.745 0.935 0.916 0.921 0.926 0.902 0.875 0.856 0.821 0.829 0.9 0.902 0.89 0.823 0.901
0.948 0.953 0.92 0.796 0.778 0.585 0.801 0.906 0.934 0.931 0.878 0.812 0.843 0.819 0.837 0.908 0.905 0.915 0.924 0.927
0.947 0.953 0.92 0.794 0.777 0.584 0.799 0.905 0.932 0.931 0.876 0.81 0.842 0.82 0.834 0.908 0.905 0.914 0.923 0.926
0.947 0.953 0.92 0.792 0.775 0.583 0.798 0.905 0.932 0.93 0.876 0.808 0.84 0.819 0.834 0.907 0.904 0.914 0.922 0.926
0.935 0.95 0.943 0.809 0.802 0.572 0.724 0.885 0.931 0.932 0.88 0.801 0.81 0.838 0.808 0.903 0.906 0.914 0.923 0.926
0.94 0.927 0.933 0.709 0.501 0.782 0.485 0.0563 0.838 0.923 0.601 0.703 0.701 0.56 0.532 0.817 0.832 0.838 0.854 0.913
0.95 0.941 0.945 0.748 0.549 0.817 0.534 0.0654 0.865 0.937 0.647 0.744 0.741 0.608 0.581 0.845 0.859 0.864 0.88 0.928
0.951 0.94 0.945 0.78 0.512 0.749 0.519 0.0576 0.835 0.939 0.663 0.697 0.748 0.693 0.522 0.767 0.867 0.861 0.873 0.909
0.951 0.94 0.945 0.78 0.514 0.748 0.52 0.0576 0.835 0.939 0.662 0.698 0.749 0.694 0.522 0.766 0.868 0.862 0.873 0.908
0.95 0.94 0.945 0.779 0.51 0.747 0.516 0.0568 0.833 0.939 0.658 0.698 0.747 0.692 0.521 0.764 0.866 0.862 0.872 0.908
0.946 0.938 0.931 0.933 0.652 0.62 0.449 0.206 0.925 0.923 0.855 0.685 0.731 0.718 0.609 0.743 0.859 0.899 0.936 0.937
0.946 0.938 0.931 0.934 0.654 0.62 0.453 0.206 0.926 0.923 0.856 0.686 0.733 0.719 0.611 0.743 0.859 0.9 0.937 0.938
0.948 0.939 0.932 0.938 0.697 0.599 0.524 0.178 0.917 0.928 0.866 0.694 0.737 0.726 0.618 0.739 0.864 0.902 0.938 0.94
0.948 0.939 0.932 0.937 0.695 0.599 0.521 0.178 0.917 0.928 0.866 0.694 0.737 0.725 0.617 0.74 0.862 0.901 0.938 0.94
0.937 0.931 0.881 0.449 0.742 0.341 0.0571 0.908 0.89 0.897 0.728 0.692 0.731 0.712 0.617 0.59 0.815 0.832 0.844 0.872
0.952 0.948 0.908 0.515 0.792 0.404 0.0698 0.93 0.916 0.92 0.782 0.747 0.783 0.764 0.678 0.654 0.853 0.867 0.878 0.902
0.953 0.948 0.908 0.52 0.853 0.456 0.0691 0.935 0.915 0.92 0.746 0.782 0.77 0.728 0.612 0.808 0.866 0.87 0.885 0.924
0.952 0.948 0.908 0.519 0.852 0.456 0.0691 0.935 0.915 0.919 0.746 0.784 0.771 0.728 0.611 0.806 0.866 0.869 0.884 0.923
0.942 0.929 0.921 0.92 0.876 0.68 0.107 0.295 0.873 0.904 0.916 0.871 0.747 0.725 0.828 0.81 0.824 0.859 0.549 0.769
0.94 0.928 0.92 0.919 0.875 0.681 0.107 0.288 0.87 0.902 0.915 0.869 0.746 0.723 0.824 0.808 0.821 0.858 0.546 0.767
0.941 0.928 0.921 0.919 0.889 0.725 0.15 0.19 0.858 0.896 0.916 0.873 0.757 0.719 0.824 0.809 0.82 0.861 0.568 0.738
0.932 0.916 0.931 0.648 0.346 0.915 0.891 0.892 0.892 0.898 0.92 0.892 0.847 0.841 0.836 0.828 0.851 0.775 0.844 0.933
0.932 0.917 0.928 0.749 0.284 0.902 0.895 0.892 0.893 0.898 0.921 0.898 0.851 0.841 0.837 0.828 0.85 0.799 0.818 0.933
0.933 0.918 0.925 0.8 0.26 0.89 0.898 0.894 0.894 0.899 0.921 0.906 0.857 0.844 0.841 0.833 0.846 0.826 0.79 0.93
0.943 0.946 0.816 0.132 0.455 0.678 0.473 0.667 0.931 0.92 0.746 0.635 0.712 0.742 0.769 0.773 0.788 0.768 0.702 0.889
0.943 0.947 0.818 0.133 0.455 0.679 0.473 0.669 0.93 0.92 0.746 0.636 0.714 0.743 0.77 0.774 0.788 0.768 0.702 0.89
0.943 0.948 0.789 0.131 0.475 0.685 0.461 0.697 0.932 0.92 0.74 0.641 0.715 0.745 0.77 0.774 0.788 0.767 0.704 0.894
0.943 0.949 0.791 0.132 0.476 0.687 0.464 0.698 0.932 0.92 0.739 0.643 0.716 0.746 0.771 0.774 0.791 0.768 0.704 0.896
0.943 0.949 0.79 0.132 0.483 0.689 0.463 0.701 0.932 0.92 0.736 0.645 0.718 0.746 0.77 0.776 0.79 0.769 0.707 0.896
0.96 0.549 0.177 0.636 0.73 0.426 0.838 0.929 0.919 0.925 0.673 0.673 0.732 0.764 0.776 0.782 0.797 0.73 0.761 0.93
0.945 0.934 0.936 0.863 0.135 0.51 0.818 0.608 0.615 0.933 0.667 0.721 0.747 0.771 0.774 0.786 0.76 0.691 0.891 0.938
0.943 0.93 0.942 0.745 0.121 0.596 0.804 0.501 0.704 0.934 0.649 0.71 0.739 0.764 0.767 0.777 0.767 0.677 0.858 0.936
0.946 0.934 0.94 0.793 0.369 0.751 0.832 0.676 0.696 0.937 0.746 0.812 0.837 0.853 0.858 0.851 0.865 0.753 0.77 0.915
0.946 0.934 0.94 0.792 0.371 0.752 0.831 0.675 0.697 0.937 0.745 0.812 0.838 0.853 0.858 0.852 0.864 0.751 0.771 0.915
0.946 0.933 0.939 0.791 0.369 0.751 0.829 0.673 0.696 0.936 0.743 0.809 0.836 0.852 0.857 0.851 0.864 0.75 0.771 0.915
0.944 0.935 0.923 0.426 0.614 0.819 0.823 0.546 0.895 0.929 0.752 0.815 0.837 0.853 0.854 0.849 0.858 0.708 0.802 0.926
0.945 0.933 0.915 0.707 0.744 0.72 0.743 0.638 0.76 0.926 0.828 0.832 0.849 0.861 0.864 0.867 0.857 0.858 0.712 0.751
0.944 0.932 0.915 0.705 0.743 0.72 0.743 0.638 0.759 0.926 0.828 0.832 0.847 0.861 0.864 0.866 0.856 0.857 0.711 0.751
0.944 0.933 0.914 0.703 0.746 0.719 0.74 0.631 0.767 0.926 0.828 0.831 0.848 0.86 0.865 0.866 0.856 0.858 0.715 0.746
0.944 0.933 0.914 0.703 0.745 0.719 0.739 0.629 0.768 0.926 0.828 0.831 0.848 0.861 0.863 0.866 0.856 0.856 0.715 0.746
0.949 0.95 0.854 0.125 0.494 0.701 0.693 0.376 0.193 0.907 0.423 0.599 0.735 0.746 0.751 0.749 0.739 0.727 0.617 0.686
0.957 0.958 0.883 0.145 0.532 0.74 0.73 0.426 0.214 0.92 0.466 0.639 0.768 0.778 0.784 0.782 0.775 0.764 0.663 0.721
0.958 0.958 0.89 0.148 0.526 0.74 0.731 0.434 0.21 0.918 0.469 0.636 0.772 0.779 0.786 0.783 0.777 0.767 0.663 0.72
0.958 0.958 0.894 0.152 0.515 0.74 0.728 0.442 0.202 0.915 0.469 0.632 0.769 0.777 0.784 0.784 0.777 0.769 0.665 0.716
0.955 0.948 0.924 0.394 0.587 0.779 0.782 0.672 0.346 0.835 0.537 0.707 0.797 0.801 0.797 0.779 0.703 0.656 0.913 0.913
0.956 0.948 0.925 0.399 0.593 0.783 0.786 0.678 0.352 0.838 0.541 0.711 0.803 0.804 0.798 0.782 0.707 0.66 0.915 0.915
0.955 0.948 0.925 0.399 0.589 0.782 0.786 0.676 0.351 0.838 0.54 0.709 0.801 0.803 0.799 0.782 0.706 0.659 0.915 0.914
0.955 0.948 0.924 0.398 0.588 0.781 0.784 0.676 0.35 0.836 0.54 0.709 0.8 0.801 0.798 0.781 0.706 0.657 0.914 0.913
0.988 0.99 0.932 0.735 0.92 0.891 0.912 0.813 0.595 0.974 0.931 0.766 0.915 0.939 0.944 0.949 0.949 0.927 0.862 0.956
0.971 0.974 0.842 0.511 0.815 0.752 0.796 0.613 0.35 0.934 0.838 0.56 0.801 0.856 0.868 0.878 0.875 0.823 0.694 0.89
0.972 0.97 0.625 0.667 0.807 0.773 0.822 0.442 0.588 0.965 0.656 0.648 0.841 0.866 0.874 0.882 0.861 0.76 0.746 0.956
0.879 0.87 0.86 0.848 0.846 0.852 0.861 0.863 0.856 0.847 0.944 0.941 0.932 0.917 0.887 0.838 0.776 0.718 0.686 0.678
0.924 0.912 0.898 0.886 0.878 0.87 0.865 0.858 0.849 0.84 0.937 0.94 0.938 0.93 0.916 0.889 0.844 0.782 0.725 0.701
0.885 0.866 0.842 0.821 0.807 0.801 0.8 0.803 0.801 0.8 0.915 0.916 0.911 0.897 0.872 0.828 0.76 0.684 0.617 0.59
0.89 0.876 0.864 0.865 0.812 0.271 0.793 0.853 0.845 0.862 0.879 0.845 0.808 0.811 0.818 0.817 0.792 0.742 0.769 0.844
0.886 0.873 0.86 0.861 0.808 0.264 0.785 0.849 0.842 0.858 0.875 0.839 0.801 0.805 0.814 0.811 0.787 0.736 0.764 0.844
0.787 0.535 0.169 0.206 0.446 0.77 0.763 0.735 0.812 0.853 0.53 0.715 0.566 0.49 0.624 0.504 0.433 0.542 0.807 0.857
0.923 0.771 0.299 0.282 0.558 0.851 0.877 0.886 0.923 0.938 0.738 0.745 0.875 0.769 0.713 0.822 0.721 0.652 0.784 0.928
0.0401 0.0332 0.0352 0.0437 0.0502 0.0532 0.0537 0.0529 0.0512 0.0493 0.0624 0.059 0.0571 0.0522 0.0454 0.0382 0.0346 0.0351 0.0386 0.0439
0.964 0.959 0.922 0.906 0.828 0.724 0.729 0.491 0.382 0.642 0.942 0.949 0.842 0.83 0.762 0.689 0.687 0.697 0.68 0.811
0.965 0.961 0.929 0.905 0.864 0.723 0.758 0.521 0.381 0.579 0.95 0.941 0.819 0.847 0.746 0.715 0.692 0.7 0.722 0.841
0.96 0.956 0.957 0.913 0.883 0.886 0.826 0.83 0.33 0.291 0.884 0.831 0.818 0.769 0.782 0.782 0.827 0.909 0.917 0.902
0.959 0.954 0.956 0.909 0.879 0.881 0.821 0.826 0.322 0.282 0.878 0.824 0.813 0.762 0.775 0.776 0.82 0.905 0.915 0.899
0.804 0.621 0.595 0.675 0.655 0.735 0.733 0.75 0.835 0.921 0.774 0.672 0.605 0.434 0.587 0.577 0.776 0.879 0.903 0.934
0.72 0.593 0.667 0.657 0.681 0.75 0.746 0.788 0.874 0.943 0.73 0.669 0.51 0.438 0.65 0.68 0.842 0.884 0.913 0.939
0.707 0.557 0.615 0.629 0.643 0.72 0.702 0.751 0.852 0.934 0.718 0.624 0.51 0.391 0.6 0.614 0.803 0.869 0.901 0.93
0.711 0.698 0.73 0.745 0.714 0.703 0.705 0.706 0.728 0.776 0.715 0.695 0.698 0.706 0.701 0.777 0.782 0.718 0.704 0.714
0.0481 0.03 0.0228 0.0211 0.0234 0.0309 0.0415 0.0624 0.0932 0.215 0.0776 0.0565 0.0435 0.0336 0.0341 0.0363 0.0382 0.0386 0.0465 0.056
0.968 0.958 0.947 0.942 0.945 0.953 0.964 0.972 0.977 0.979 0.921 0.942 0.955 0.962 0.967 0.968 0.968 0.969 0.972 0.976
0.998 0.998 0.998 0.998 0.998 0.998 0.998 0.998 0.998 0.998 0.998 0.998 0.998 0.998 0.998 0.998 0.998 0.998 0.998 0.998
0.904 0.893 0.788 0.547 0.458 0.519 0.789 0.888 0.768 0.745 0.869 0.897 0.801 0.763 0.768 0.667 0.655 0.595 0.76 0.677
0.904 0.893 0.792 0.552 0.463 0.521 0.789 0.889 0.773 0.747 0.868 0.898 0.805 0.764 0.771 0.673 0.658 0.596 0.761 0.682
0.982 0.987 0.98 0.991 0.993 0.994 0.994 0.994 0.995 0.995 0.99 0.99 0.993 0.993 0.993 0.993 0.992 0.99 0.989 0.991
0.652 0.64 0.602 0.618 0.658 0.694 0.808 0.807 0.771 0.746 0.594 0.571 0.583 0.695 0.754 0.678 0.711 0.773 0.797 0.826
0.0488 0.0474 0.0472 0.0481 0.0474 0.0452 0.0431 0.0437 0.0465 0.0519 0.056 0.0505 0.0477 0.0468 0.0461 0.0452 0.0433 0.0429 0.0452 0.0465
0.965 0.833 0.769 0.759 0.838 0.895 0.952 0.95 0.951 0.954 0.883 0.885 0.912 0.917 0.878 0.9 0.929 0.875 0.92 0.954
0.949 0.772 0.688 0.678 0.774 0.847 0.928 0.927 0.929 0.933 0.837 0.835 0.873 0.88 0.827 0.858 0.897 0.824 0.886 0.933
0.941 0.916 0.656 0.708 0.649 0.784 0.885 0.927 0.925 0.93 0.928 0.895 0.789 0.842 0.865 0.864 0.809 0.882 0.876 0.814
0.91 0.869 0.734 0.806 0.791 0.767 0.709 0.708 0.906 0.93 0.874 0.888 0.873 0.632 0.754 0.831 0.837 0.721 0.801 0.932
0.904 0.861 0.719 0.795 0.779 0.755 0.694 0.693 0.901 0.926 0.868 0.88 0.866 0.614 0.742 0.82 0.827 0.705 0.791 0.929
0.997 0.997 0.995 0.985 0.964 0.985 0.987 0.965 0.993 0.994 0.982 0.983 0.981 0.983 0.983 0.986 0.995 0.996 0.996 0.997
0.023 0.0292 0.0366 0.0405 0.0437 0.0431 0.0382 0.0323 0.0229 0.0165 0.0222 0.0248 0.0266 0.0281 0.0303 0.0332 0.0356 0.0368 0.0388 0.0417
0.853 0.81 0.483 0.571 0.323 0.352 0.654 0.406 0.31 0.745 0.404 0.349 0.128 0.258 0.635 0.675 0.814 0.79 0.769 0.786
0.952 0.769 0.75 0.581 0.417 0.798 0.652 0.307 0.833 0.835 0.287 0.606 0.593 0.303 0.327 0.832 0.862 0.922 0.945 0.932
0.0287 0.0302 0.032 0.0303 0.0286 0.0286 0.0314 0.0346 0.0351 0.0323 0.0318 0.0311 0.0312 0.0312 0.0312 0.0308 0.0309 0.0309 0.0305 0.0314
0.998 0.998 0.998 0.998 0.998 0.998 0.998 0.998 0.998 0.998 0.998 0.998 0.998 0.998 0.998 0.998 0.998 0.998 0.998 0.998
0.998 0.916 0.4 0.587 0.626 0.654 0.696 0.662 0.946 0.997 0.875 0.86 0.811 0.774 0.747 0.779 0.838 0.82 0.929 0.995
0.998 0.916 0.388 0.578 0.619 0.647 0.69 0.654 0.945 0.997 0.872 0.856 0.805 0.769 0.743 0.775 0.835 0.818 0.929 0.995
0.998 0.919 0.398 0.587 0.626 0.654 0.694 0.662 0.946 0.997 0.876 0.859 0.811 0.775 0.75 0.78 0.839 0.82 0.929 0.995
0.998 0.918 0.383 0.572 0.614 0.641 0.687 0.651 0.943 0.997 0.87 0.854 0.805 0.769 0.741 0.772 0.832 0.815 0.927 0.995
0.939 0.926 0.927 0.7 0.369 0.841 0.237 0.44 0.874 0.913 0.833 0.499 0.797 0.76 0.751 0.746 0.684 0.721 0.882 0.931
0.938 0.926 0.925 0.674 0.374 0.835 0.218 0.454 0.874 0.912 0.776 0.516 0.802 0.75 0.749 0.742 0.672 0.73 0.895 0.93
0.937 0.925 0.924 0.68 0.368 0.836 0.224 0.448 0.872 0.911 0.778 0.516 0.801 0.748 0.749 0.74 0.67 0.731 0.894 0.93
0.948 0.938 0.938 0.721 0.422 0.862 0.255 0.502 0.894 0.927 0.798 0.576 0.833 0.786 0.784 0.776 0.711 0.775 0.915 0.943
0.867 0.808 0.83 0.483 0.231 0.845 0.934 0.933 0.936 0.939 0.868 0.882 0.848 0.794 0.781 0.751 0.748 0.851 0.864 0.88
0.951 0.875 0.765 0.75 0.422 0.226 0.812 0.932 0.943 0.945 0.805 0.862 0.876 0.849 0.799 0.786 0.76 0.757 0.823 0.873
0.957 0.911 0.736 0.669 0.544 0.199 0.7 0.92 0.946 0.945 0.767 0.838 0.869 0.869 0.816 0.799 0.769 0.754 0.782 0.865
0.956 0.935 0.784 0.649 0.627 0.233 0.496 0.901 0.945 0.946 0.788 0.818 0.867 0.872 0.826 0.8 0.776 0.754 0.771 0.851
0.886 0.873 0.878 0.605 0.103 0.765 0.88 0.888 0.901 0.919 0.884 0.783 0.734 0.801 0.802 0.796 0.818 0.694 0.71 0.916
0.889 0.877 0.879 0.593 0.113 0.778 0.879 0.887 0.903 0.922 0.89 0.797 0.735 0.802 0.804 0.797 0.82 0.705 0.71 0.916
0.885 0.873 0.875 0.576 0.11 0.785 0.879 0.888 0.902 0.921 0.886 0.788 0.734 0.801 0.801 0.797 0.819 0.698 0.708 0.916
0.947 0.942 0.942 0.931 0.345 0.463 0.942 0.948 0.954 0.962 0.941 0.877 0.872 0.905 0.901 0.898 0.912 0.787 0.889 0.962
0.947 0.942 0.942 0.93 0.341 0.46 0.942 0.948 0.954 0.962 0.94 0.874 0.871 0.904 0.901 0.896 0.911 0.782 0.89 0.962
0.947 0.941 0.941 0.93 0.34 0.459 0.941 0.947 0.953 0.962 0.94 0.874 0.87 0.903 0.899 0.895 0.91 0.78 0.888 0.962
0.883 0.87 0.886 0.704 0.199 0.183 0.862 0.888 0.897 0.917 0.842 0.658 0.712 0.793 0.789 0.788 0.801 0.779 0.648 0.875
0.882 0.87 0.885 0.766 0.249 0.136 0.82 0.894 0.897 0.918 0.872 0.692 0.675 0.782 0.791 0.789 0.796 0.809 0.652 0.83
0.882 0.87 0.884 0.766 0.25 0.137 0.82 0.895 0.896 0.918 0.873 0.692 0.678 0.782 0.79 0.79 0.796 0.808 0.651 0.83
0.883 0.871 0.88 0.829 0.354 0.113 0.702 0.906 0.894 0.918 0.783 0.652 0.751 0.798 0.788 0.788 0.808 0.718 0.702 0.905
0.883 0.871 0.88 0.828 0.352 0.113 0.701 0.905 0.894 0.918 0.785 0.652 0.749 0.797 0.788 0.787 0.808 0.719 0.7 0.904
0.882 0.872 0.871 0.874 0.51 0.126 0.435 0.909 0.893 0.917 0.868 0.684 0.684 0.786 0.791 0.79 0.797 0.805 0.649 0.842
0.882 0.871 0.868 0.877 0.546 0.132 0.375 0.907 0.894 0.917 0.875 0.695 0.674 0.778 0.791 0.789 0.796 0.809 0.652 0.824
0.88 0.873 0.855 0.705 0.285 0.249 0.886 0.88 0.896 0.915 0.882 0.65 0.778 0.789 0.753 0.788 0.805 0.823 0.717 0.829
0.879 0.872 0.854 0.705 0.285 0.248 0.886 0.881 0.895 0.914 0.881 0.65 0.777 0.788 0.754 0.787 0.805 0.825 0.717 0.826
0.88 0.869 0.872 0.823 0.627 0.172 0.515 0.907 0.891 0.915 0.89 0.667 0.76 0.795 0.752 0.784 0.805 0.828 0.731 0.805
0.879 0.868 0.87 0.822 0.624 0.172 0.515 0.907 0.89 0.914 0.889 0.666 0.759 0.792 0.753 0.782 0.804 0.826 0.73 0.805
0.879 0.869 0.87 0.826 0.629 0.177 0.49 0.907 0.889 0.914 0.889 0.666 0.757 0.792 0.75 0.783 0.805 0.828 0.73 0.803
0.878 0.869 0.865 0.866 0.75 0.415 0.165 0.845 0.901 0.912 0.788 0.67 0.818 0.76 0.764 0.792 0.812 0.783 0.714 0.892
0.879 0.869 0.865 0.866 0.748 0.415 0.166 0.844 0.901 0.912 0.788 0.672 0.818 0.759 0.764 0.793 0.812 0.783 0.713 0.892
0.94 0.935 0.93 0.94 0.88 0.45 0.635 0.889 0.924 0.956 0.935 0.919 0.906 0.894 0.894 0.895 0.798 0.652 0.918 0.931
0.94 0.934 0.93 0.94 0.879 0.45 0.636 0.889 0.924 0.957 0.935 0.919 0.906 0.894 0.894 0.896 0.799 0.649 0.918 0.931
0.939 0.935 0.93 0.94 0.864 0.466 0.665 0.894 0.925 0.957 0.926 0.911 0.898 0.895 0.894 0.82 0.617 0.9 0.926 0.948
0.936 0.946 0.71 0.573 0.733 0.892 0.914 0.941 0.946 0.957 0.916 0.902 0.898 0.893 0.805 0.587 0.898 0.916 0.943 0.948
0.936 0.945 0.707 0.572 0.731 0.891 0.913 0.94 0.946 0.957 0.915 0.902 0.897 0.892 0.804 0.585 0.898 0.916 0.942 0.947
0.937 0.941 0.858 0.453 0.657 0.868 0.907 0.94 0.946 0.956 0.924 0.913 0.898 0.893 0.89 0.849 0.582 0.879 0.922 0.946
0.937 0.941 0.859 0.456 0.657 0.868 0.907 0.94 0.946 0.956 0.924 0.913 0.898 0.893 0.89 0.849 0.582 0.88 0.923 0.946
0.937 0.941 0.859 0.454 0.656 0.868 0.906 0.94 0.946 0.956 0.924 0.913 0.896 0.892 0.89 0.848 0.581 0.88 0.923 0.946
0.875 0.886 0.766 0.27 0.446 0.555 0.892 0.878 0.894 0.915 0.804 0.659 0.814 0.799 0.639 0.713 0.821 0.733 0.828 0.907
0.874 0.885 0.767 0.271 0.445 0.552 0.892 0.879 0.894 0.914 0.806 0.662 0.814 0.799 0.64 0.712 0.818 0.731 0.826 0.907
0.875 0.885 0.766 0.271 0.443 0.552 0.892 0.877 0.894 0.914 0.805 0.658 0.814 0.797 0.638 0.713 0.818 0.73 0.826 0.907
0.873 0.878 0.798 0.263 0.442 0.515 0.886 0.877 0.892 0.913 0.818 0.643 0.807 0.797 0.645 0.696 0.817 0.729 0.815 0.905
0.872 0.877 0.797 0.262 0.44 0.511 0.886 0.877 0.893 0.913 0.817 0.641 0.807 0.797 0.641 0.695 0.817 0.731 0.815 0.905
0.872 0.877 0.797 0.262 0.442 0.511 0.886 0.877 0.893 0.913 0.816 0.643 0.808 0.797 0.641 0.694 0.818 0.731 0.815 0.905
0.872 0.877 0.797 0.263 0.442 0.514 0.887 0.877 0.893 0.913 0.817 0.643 0.806 0.797 0.642 0.695 0.818 0.731 0.816 0.906
0.876 0.863 0.864 0.868 0.308 0.439 0.435 0.871 0.898 0.912 0.774 0.677 0.817 0.789 0.622 0.73 0.814 0.721 0.843 0.905
0.88 0.882 0.288 0.33 0.577 0.818 0.886 0.885 0.9 0.917 0.837 0.821 0.804 0.809 0.775 0.655 0.774 0.742 0.685 0.874
0.883 0.882 0.289 0.334 0.581 0.82 0.887 0.885 0.901 0.917 0.839 0.821 0.807 0.812 0.776 0.658 0.776 0.744 0.688 0.874
0.879 0.88 0.285 0.328 0.573 0.815 0.884 0.883 0.898 0.916 0.834 0.818 0.804 0.808 0.769 0.654 0.769 0.739 0.684 0.872
0.872 0.885 0.372 0.275 0.489 0.786 0.881 0.877 0.896 0.889 0.792 0.811 0.795 0.794 0.784 0.65 0.744 0.757 0.67 0.832
0.877 0.878 0.309 0.307 0.506 0.811 0.878 0.877 0.894 0.884 0.787 0.815 0.797 0.792 0.791 0.658 0.734 0.762 0.675 0.818
0.875 0.867 0.858 0.273 0.357 0.561 0.838 0.884 0.892 0.914 0.83 0.808 0.794 0.801 0.733 0.659 0.768 0.708 0.701 0.889
0.873 0.866 0.855 0.268 0.357 0.565 0.838 0.884 0.892 0.913 0.826 0.803 0.795 0.8 0.731 0.662 0.766 0.707 0.7 0.889
0.874 0.862 0.856 0.853 0.888 0.578 0.25 0.527 0.777 0.919 0.821 0.797 0.791 0.799 0.685 0.688 0.762 0.672 0.75 0.903
0.872 0.866 0.85 0.278 0.376 0.588 0.845 0.883 0.891 0.913 0.815 0.801 0.797 0.782 0.647 0.731 0.743 0.645 0.827 0.905
0.87 0.88 0.748 0.255 0.502 0.576 0.872 0.878 0.892 0.913 0.879 0.822 0.794 0.786 0.788 0.782 0.666 0.757 0.767 0.694
0.874 0.873 0.841 0.51 0.41 0.742 0.88 0.881 0.898 0.915 0.891 0.708 0.759 0.809 0.801 0.81 0.813 0.825 0.833 0.853
0.874 0.87 0.833 0.489 0.382 0.754 0.88 0.879 0.896 0.914 0.858 0.662 0.804 0.801 0.801 0.804 0.812 0.824 0.831 0.865
0.874 0.872 0.834 0.489 0.386 0.755 0.88 0.879 0.895 0.914 0.859 0.666 0.804 0.798 0.803 0.805 0.812 0.825 0.831 0.865
0.877 0.872 0.836 0.491 0.385 0.747 0.877 0.875 0.893 0.911 0.858 0.664 0.8 0.797 0.801 0.803 0.812 0.824 0.831 0.863
0.883 0.853 0.717 0.231 0.673 0.882 0.872 0.882 0.902 0.895 0.769 0.703 0.83 0.782 0.801 0.808 0.817 0.832 0.838 0.885
0.879 0.868 0.838 0.47 0.345 0.84 0.879 0.882 0.898 0.916 0.898 0.691 0.755 0.818 0.803 0.812 0.815 0.829 0.842 0.853
0.878 0.867 0.837 0.469 0.344 0.839 0.878 0.881 0.896 0.915 0.898 0.689 0.752 0.817 0.804 0.811 0.813 0.827 0.839 0.852
0.877 0.865 0.864 0.841 0.577 0.259 0.786 0.888 0.89 0.913 0.719 0.729 0.825 0.799 0.805 0.802 0.817 0.826 0.835 0.887
0.876 0.864 0.863 0.84 0.574 0.257 0.785 0.887 0.89 0.913 0.719 0.729 0.823 0.799 0.804 0.801 0.813 0.825 0.834 0.885
0.937 0.929 0.94 0.639 0.524 0.507 0.826 0.948 0.946 0.956 0.884 0.806 0.828 0.788 0.823 0.846 0.838 0.89 0.947 0.949
0.937 0.929 0.94 0.64 0.521 0.506 0.825 0.948 0.945 0.956 0.883 0.805 0.827 0.788 0.824 0.846 0.838 0.89 0.947 0.948
0.944 0.938 0.948 0.847 0.502 0.585 0.695 0.95 0.953 0.962 0.861 0.839 0.831 0.815 0.846 0.866 0.854 0.924 0.955 0.956
0.942 0.937 0.946 0.864 0.496 0.589 0.667 0.947 0.953 0.96 0.859 0.834 0.828 0.812 0.846 0.864 0.853 0.923 0.954 0.955
0.948 0.944 0.945 0.935 0.574 0.64 0.59 0.923 0.96 0.962 0.952 0.858 0.846 0.831 0.829 0.861 0.88 0.872 0.941 0.961
0.943 0.938 0.938 0.939 0.613 0.612 0.563 0.889 0.958 0.959 0.95 0.865 0.825 0.826 0.81 0.849 0.872 0.862 0.929 0.958
0.943 0.938 0.938 0.94 0.613 0.613 0.567 0.891 0.958 0.959 0.95 0.863 0.828 0.825 0.811 0.849 0.872 0.863 0.931 0.959
0.943 0.939 0.937 0.942 0.641 0.607 0.568 0.878 0.959 0.959 0.95 0.869 0.826 0.828 0.809 0.848 0.871 0.863 0.929 0.958
0.943 0.938 0.939 0.931 0.566 0.621 0.568 0.913 0.957 0.959 0.95 0.903 0.805 0.84 0.801 0.842 0.869 0.866 0.908 0.958
0.943 0.938 0.935 0.948 0.769 0.558 0.593 0.788 0.958 0.959 0.95 0.878 0.815 0.832 0.804 0.845 0.871 0.862 0.924 0.958
0.942 0.936 0.934 0.946 0.851 0.535 0.619 0.7 0.951 0.959 0.948 0.849 0.828 0.817 0.806 0.847 0.869 0.861 0.935 0.958
0.942 0.939 0.938 0.938 0.945 0.902 0.833 0.469 0.82 0.969 0.878 0.864 0.865 0.844 0.906 0.903 0.914 0.913 0.942 0.956
0.89 0.883 0.88 0.878 0.892 0.758 0.638 0.257 0.871 0.926 0.793 0.749 0.761 0.719 0.822 0.825 0.837 0.835 0.884 0.915
0.89 0.882 0.878 0.88 0.868 0.709 0.432 0.427 0.923 0.916 0.832 0.731 0.769 0.706 0.806 0.825 0.835 0.835 0.87 0.914
0.891 0.881 0.876 0.885 0.835 0.693 0.315 0.618 0.923 0.916 0.863 0.73 0.768 0.709 0.782 0.826 0.834 0.838 0.858 0.909
0.892 0.882 0.877 0.891 0.788 0.64 0.25 0.813 0.915 0.92 0.803 0.742 0.762 0.719 0.821 0.826 0.838 0.837 0.88 0.913
0.894 0.884 0.878 0.888 0.749 0.515 0.314 0.892 0.908 0.923 0.812 0.746 0.767 0.723 0.821 0.827 0.84 0.84 0.879 0.916
0.887 0.877 0.872 0.876 0.724 0.44 0.358 0.899 0.9 0.918 0.869 0.733 0.755 0.712 0.763 0.824 0.829 0.836 0.85 0.904
0.892 0.883 0.881 0.877 0.724 0.398 0.444 0.91 0.905 0.922 0.885 0.754 0.761 0.73 0.76 0.834 0.837 0.847 0.853 0.905
0.893 0.882 0.88 0.87 0.712 0.36 0.489 0.911 0.905 0.925 0.886 0.755 0.754 0.731 0.758 0.833 0.837 0.847 0.854 0.904
0.888 0.877 0.885 0.812 0.615 0.242 0.765 0.902 0.902 0.923 0.896 0.808 0.723 0.751 0.71 0.815 0.829 0.842 0.846 0.879
0.89 0.88 0.88 0.862 0.359 0.643 0.621 0.715 0.919 0.922 0.733 0.751 0.773 0.764 0.772 0.77 0.692 0.859 0.911 0.913
0.888 0.873 0.897 0.626 0.409 0.677 0.547 0.859 0.909 0.922 0.855 0.706 0.757 0.764 0.76 0.776 0.755 0.714 0.889 0.912
0.893 0.88 0.893 0.44 0.549 0.634 0.634 0.901 0.908 0.927 0.863 0.717 0.763 0.774 0.768 0.783 0.769 0.722 0.893 0.916
0.896 0.882 0.902 0.519 0.509 0.669 0.593 0.891 0.91 0.925 0.888 0.739 0.735 0.772 0.769 0.782 0.795 0.719 0.867 0.924
0.893 0.879 0.899 0.514 0.502 0.669 0.594 0.889 0.91 0.925 0.89 0.746 0.735 0.775 0.767 0.776 0.791 0.714 0.856 0.922
0.892 0.878 0.902 0.638 0.422 0.697 0.565 0.869 0.912 0.925 0.9 0.807 0.704 0.771 0.77 0.77 0.8 0.747 0.796 0.919
0.892 0.878 0.9 0.68 0.385 0.696 0.561 0.859 0.913 0.924 0.897 0.857 0.702 0.754 0.771 0.772 0.795 0.787 0.746 0.901
0.889 0.875 0.896 0.484 0.49 0.657 0.606 0.892 0.905 0.922 0.895 0.867 0.704 0.743 0.767 0.768 0.787 0.788 0.73 0.887
0.889 0.875 0.898 0.646 0.374 0.68 0.557 0.863 0.909 0.92 0.891 0.884 0.744 0.717 0.769 0.767 0.781 0.804 0.736 0.838
0.887 0.877 0.884 0.813 0.311 0.657 0.552 0.791 0.914 0.917 0.888 0.888 0.776 0.696 0.763 0.766 0.775 0.805 0.755 0.792
0.887 0.873 0.895 0.701 0.358 0.693 0.545 0.841 0.91 0.918 0.896 0.827 0.689 0.756 0.762 0.761 0.788 0.758 0.753 0.905
0.89 0.817 0.587 0.0573 0.16 0.0731 0.378 0.847 0.884 0.904 0.793 0.567 0.525 0.424 0.365 0.453 0.406 0.584 0.624 0.785
0.975 0.955 0.882 0.175 0.392 0.212 0.66 0.959 0.972 0.976 0.936 0.844 0.821 0.74 0.679 0.769 0.723 0.859 0.877 0.947
0.976 0.958 0.894 0.187 0.391 0.218 0.648 0.96 0.973 0.977 0.937 0.851 0.826 0.745 0.688 0.776 0.729 0.865 0.881 0.95
0.972 0.951 0.88 0.173 0.378 0.208 0.632 0.957 0.971 0.975 0.932 0.838 0.811 0.726 0.668 0.756 0.709 0.854 0.87 0.945
0.952 0.939 0.907 0.732 0.83 0.753 0.847 0.926 0.952 0.959 0.916 0.811 0.846 0.89 0.823 0.873 0.944 0.932 0.938 0.944
0.954 0.951 0.933 0.837 0.746 0.803 0.782 0.901 0.946 0.959 0.918 0.832 0.84 0.882 0.814 0.879 0.944 0.936 0.941 0.947
0.944 0.941 0.925 0.844 0.726 0.796 0.765 0.886 0.938 0.954 0.94 0.841 0.814 0.839 0.847 0.789 0.929 0.93 0.932 0.939
0.947 0.939 0.919 0.748 0.827 0.748 0.797 0.909 0.946 0.953 0.946 0.945 0.727 0.799 0.881 0.879 0.812 0.931 0.945 0.913
0.953 0.947 0.918 0.769 0.853 0.745 0.826 0.93 0.954 0.959 0.95 0.945 0.948 0.619 0.853 0.886 0.9 0.856 0.933 0.956
0.947 0.942 0.932 0.796 0.813 0.766 0.768 0.894 0.951 0.956 0.947 0.956 0.678 0.808 0.89 0.891 0.862 0.909 0.959 0.884
0.942 0.939 0.926 0.777 0.818 0.762 0.774 0.901 0.952 0.957 0.947 0.956 0.68 0.805 0.89 0.888 0.859 0.907 0.957 0.881
0.933 0.927 0.922 0.928 0.848 0.807 0.732 0.848 0.922 0.953 0.947 0.867 0.821 0.783 0.788 0.938 0.942 0.891 0.867 0.959
0.862 0.851 0.846 0.826 0.659 0.645 0.576 0.793 0.867 0.906 0.878 0.7 0.713 0.585 0.736 0.879 0.875 0.709 0.833 0.913
0.863 0.849 0.854 0.763 0.658 0.587 0.654 0.825 0.882 0.904 0.871 0.691 0.715 0.583 0.763 0.88 0.868 0.712 0.844 0.912
0.866 0.851 0.857 0.768 0.665 0.589 0.658 0.828 0.884 0.905 0.873 0.696 0.72 0.594 0.767 0.884 0.87 0.715 0.844 0.912
0.884 0.873 0.88 0.782 0.7 0.625 0.709 0.849 0.896 0.916 0.887 0.88 0.872 0.879 0.806 0.672 0.714 0.621 0.876 0.908
0.876 0.864 0.869 0.744 0.688 0.593 0.722 0.847 0.893 0.911 0.882 0.873 0.865 0.867 0.706 0.692 0.631 0.707 0.897 0.891
0.901 0.891 0.893 0.791 0.727 0.631 0.737 0.858 0.902 0.917 0.898 0.891 0.882 0.887 0.769 0.709 0.692 0.702 0.909 0.91
0.854 0.844 0.833 0.666 0.735 0.789 0.665 0.778 0.868 0.901 0.883 0.842 0.71 0.679 0.589 0.861 0.873 0.832 0.703 0.902
0.862 0.854 0.837 0.666 0.767 0.787 0.676 0.794 0.877 0.905 0.886 0.86 0.721 0.716 0.581 0.856 0.881 0.864 0.713 0.892
0.858 0.853 0.784 0.645 0.817 0.716 0.715 0.839 0.895 0.912 0.881 0.878 0.859 0.713 0.72 0.588 0.844 0.891 0.866 0.778
0.866 0.862 0.788 0.674 0.833 0.719 0.735 0.849 0.896 0.911 0.878 0.87 0.869 0.846 0.702 0.715 0.605 0.854 0.892 0.875
0.89 0.877 0.76 0.762 0.844 0.7 0.788 0.876 0.898 0.913 0.892 0.883 0.881 0.866 0.731 0.736 0.638 0.846 0.907 0.893
0.876 0.864 0.743 0.74 0.832 0.688 0.781 0.873 0.896 0.912 0.883 0.875 0.872 0.859 0.717 0.724 0.627 0.838 0.899 0.885
0.886 0.873 0.756 0.757 0.839 0.694 0.786 0.874 0.898 0.913 0.889 0.882 0.877 0.865 0.727 0.732 0.634 0.843 0.905 0.89
0.855 0.845 0.818 0.753 0.697 0.479 0.47 0.847 0.87 0.899 0.872 0.874 0.78 0.684 0.7 0.805 0.818 0.55 0.704 0.858
0.861 0.851 0.818 0.759 0.691 0.466 0.509 0.859 0.872 0.901 0.875 0.878 0.782 0.692 0.709 0.812 0.818 0.551 0.726 0.861
0.864 0.861 0.49 0.189 0.226 0.424 0.194 0.515 0.889 0.897 0.89 0.777 0.432 0.446 0.395 0.418 0.323 0.272 0.75 0.886
0.969 0.969 0.799 0.478 0.532 0.751 0.446 0.806 0.973 0.974 0.975 0.942 0.754 0.768 0.72 0.735 0.645 0.582 0.931 0.972
0.965 0.965 0.788 0.454 0.511 0.745 0.443 0.8 0.973 0.974 0.973 0.943 0.746 0.759 0.711 0.727 0.645 0.558 0.921 0.971
0.965 0.967 0.899 0.468 0.47 0.726 0.574 0.576 0.967 0.976 0.974 0.904 0.716 0.757 0.725 0.727 0.593 0.582 0.953 0.976
0.859 0.844 0.859 0.634 0.344 0.353 0.664 0.878 0.881 0.904 0.88 0.865 0.552 0.427 0.418 0.758 0.797 0.764 0.895 0.904
0.933 0.925 0.933 0.802 0.506 0.506 0.782 0.941 0.942 0.953 0.912 0.664 0.588 0.639 0.901 0.873 0.896 0.946 0.949 0.954
0.93 0.921 0.93 0.834 0.515 0.511 0.733 0.937 0.941 0.952 0.941 0.928 0.69 0.583 0.587 0.876 0.89 0.885 0.948 0.952
0.938 0.93 0.938 0.848 0.532 0.521 0.752 0.94 0.94 0.949 0.945 0.942 0.939 0.739 0.603 0.591 0.871 0.91 0.89 0.952
0.929 0.921 0.928 0.861 0.525 0.509 0.696 0.937 0.945 0.953 0.943 0.938 0.93 0.94 0.828 0.6 0.583 0.776 0.927 0.879
0.939 0.931 0.936 0.764 0.509 0.51 0.838 0.941 0.938 0.95 0.944 0.939 0.945 0.885 0.638 0.619 0.684 0.931 0.868 0.931
0.934 0.921 0.921 0.864 0.524 0.383 0.634 0.758 0.924 0.952 0.782 0.851 0.872 0.727 0.733 0.837 0.853 0.841 0.882 0.901
0.934 0.921 0.922 0.864 0.483 0.324 0.609 0.769 0.928 0.957 0.806 0.819 0.858 0.842 0.679 0.788 0.878 0.814 0.895 0.865
0.925 0.927 0.84 0.372 0.343 0.614 0.791 0.923 0.942 0.951 0.801 0.79 0.878 0.849 0.612 0.808 0.89 0.792 0.896 0.844
0.928 0.927 0.723 0.263 0.445 0.692 0.865 0.938 0.947 0.955 0.883 0.734 0.839 0.88 0.74 0.672 0.865 0.875 0.799 0.924
0.938 0.936 0.734 0.286 0.481 0.709 0.872 0.941 0.948 0.956 0.894 0.751 0.851 0.888 0.76 0.689 0.873 0.886 0.809 0.931
