# Created by Octave 3.2.4, Sat Mar 15 19:04:24 2014 GMT Standard Time <unknown@unknown>
# name: recog
# type: cell
# rows: 1
# columns: 2
# name: <cell-element>
# type: matrix
# rows: 20
# columns: 21
 -7.821753426042029 -1.179229520907213 -4.02600271401141 1.190004062235253 -2.580109369059254 -1.951708254267228 -1.705424808351529 -2.22451399702766 -2.391282534203196 1.545366621912494 -3.143313789753487 9.454025961455359 17.10837520492851 -1.163183696381317 -5.482549765961903 2.699951022871947 -5.071379550639207 -4.343875629533244 0.5707376833740306 2.499596345195497 8.504043699947346
 5.537600053202059 4.31932189501807 2.264249524875452 1.741676207974509 -2.357569445472213 -3.40816434151462 -0.265939948772123 -3.497441816307258 -2.524488892978479 -6.836453443707512 -0.599402387762442 2.283910126307331 4.545102276913687 -0.905632398425871 -6.8230044067736 7.192857731809336 5.018131349123744 4.930235527674772 -5.631878010945531 -5.174193643236877 -5.186408758091138
 -1.641467390785927 2.222003032676625 1.797947616866476 -2.732716810688572 -0.1343344332433609 0.159622209137464 0.3876892369942208 -0.5710541448053752 1.473755055698171 1.619456572799705 1.06799610630856 1.256446130805728 0.894635214255498 0.914849255814791 -2.071161714709188 0.9581562104094244 -0.04065115130038539 0.7609934658327224 0.2063185429243101 2.038525925565965 1.432500374020645
 -0.2992057478594913 -1.871294872431382 -2.592800329284999 -3.286537161801432 -7.183690601390207 5.147006870115832 7.784387336999719 8.205087039760169 1.798524451089273 2.223809270649197 -1.713266939446771 -1.586460762687134 1.000616667920847 -1.140902459389216 -1.71363369947282 -4.954522953072561 -1.438097959080947 0.6946513347741811 0.7921517783756477 0.7051231054815472 -0.5875574345426013
 -1.069746758835028 -1.038710625271632 -1.323965415851243 -0.5786966055060788 0.6715304603194578 1.297438756632201 -1.193551965151116 0.5695512465359963 -0.6738490984101271 -0.3188507895044405 0.7067133412503426 -0.6096888249253879 0.5376925690786551 0.129376025387152 -0.4268595704309393 -1.406255771220958 -1.349963241737511 -1.043137639429782 -1.284681686871828 0.2168581493124243 0.2072127749730326
 -1.007033615730183 1.510425053345218 1.500531931640055 -1.438930454067317 -0.3107639877770917 -0.7237359512419805 -3.264715791866957 1.83513644826566 1.389048401104265 1.015081632706309 -4.547057484658455 1.605126562134277 14.65273198914226 8.875925381512783 5.614171093510751 -6.505566472970377 -10.09076659016355 -6.230216168150883 -7.154320263865751 -1.883766366138955 2.23378417084285
 1.060325854592444 0.1310039575520052 -1.157173858028767 1.899404550497931 5.992111038877104 -10.18139237474093 -2.378582148869274 4.979728905803044 1.145778573933012 -2.650175647089156 0.7326372438949685 2.621535029423268 -0.930276943260443 -0.1528004025065416 3.021519959511846 3.593878166177872 -1.335615465784951 -4.167239975176468 -2.972825887285919 -1.483481157944469 3.147139425933389
 -3.355574780038613 -1.739105978460751 3.652430093966474 -2.969959223009323 -3.200910915231365 -1.558697507398201 -4.021366258125843 -3.686121060213414 -2.175336210243382 -1.149544938077903 -2.47166165409939 2.161224641601851 -2.366147777280113 1.203078305687697 -5.944946940830946 -0.2967116074796408 4.002045147877911 1.948970139750237 10.77713603302797 7.492450518301603 0.8201413866348803
 0.6431082583142768 -0.01175953168278704 -0.1917958337953901 -1.966543060924193 -0.8761741985996466 -0.8989267109263651 1.1339820171826 -0.3914204677477482 -0.6938113331863043 0.2846395370013109 -1.277310488457731 0.9532667966743981 0.1059196625971756 -0.1602772863861375 -0.9819479251330295 -0.6021127046109024 -0.6371149956551713 -0.6013640950444386 0.9613989197046622 -0.5874904047634927 -2.117622696266709
 0.3141253765826963 0.1432956611529364 -0.2186459058969244 -1.087227143362459 10.89074441926879 8.204712693932407 -5.895248408514863 -7.834061969663601 -1.777190845929421 0.3333990540370935 -1.409708170549436 -3.673751946168307 -0.7952670007192569 -1.720628369218946 0.4972934488355037 2.155355031963736 -0.4434665022636599 -2.496807113509286 1.348536261366651 3.104883427903427 -2.503387192034001
 -3.188802324718544 0.2421020417359108 2.77858066683747 3.511835749213803 -2.955513355929649 -0.9595946555904057 4.414906806630557 -0.3974331887867579 -7.65608419140281 -2.801166578172201 0.1199628716445281 -0.01225572686779657 -1.390329038166229 0.956195060920831 0.9301871477347775 -1.80350057619708 -1.633445801889689 2.290867905381102 6.366761303833393 3.644029362982647 -0.3023113915180026
 0.6882802424195009 -1.349186431056301 0.8537710526818492 2.359133990009523 2.177796352135738 5.915290210939061 -3.330878338667638 -6.360111063235552 -4.469179697739187 -0.4975424783686715 -1.527111558742873 4.391180967144536 -0.05874338935738774 -0.4471253869378631 -0.1234572982616628 -1.020833400609329 5.544016243360747 0.5076843360050323 0.1538301432042359 -1.193508899533805 -3.115765553474049
 -6.101957877178647 -2.506546156588583 -4.510557414709133 -0.9555240738058454 1.567234416282963 1.984481734327519 1.209205595599171 3.703986444782015 2.141088522784754 1.519553170245109 -1.9100248358168 -5.480746823639522 -2.439075912025669 -4.549751170810226 -3.516166125388227 -1.231979780253767 -0.02140825381204766 -0.189953259341052 5.612121954874665 13.15609527256726 6.783900372172474
 5.22967504149161 0.7602755142667268 1.360726013220695 5.631768937248472 2.175832200940107 0.184471506445642 -0.3128782071706234 4.928446909112952 0.8580872791580894 4.39681517615729 -3.528914552549984 0.7804301546416588 -1.990357204773556 -5.986654235106599 -1.901196708691379 -1.519244718820303 -4.30892250686043 -0.5002113979375439 -2.435413192579639 -4.091874577617604 -1.164950446648956
 -1.525881118679093 0.8445779543488634 0.1631688437488551 0.06402231878375431 -1.060949849917558 0.8331514336118437 -0.872506200695498 -0.7127516969763396 -0.002668158284304198 -1.257789029486795 0.215749889583181 -0.2459280749321847 -2.005236840394919 -0.8158391078517051 -0.9518834406557334 -1.103861299543668 -0.07862608259946943 -2.775432257799787 -0.03323353611188451 -0.04635914494577872 0.4109579020808381
 -0.5190399841355365 0.6797370820154678 0.9294810319031033 0.2066518253160139 1.830991265012204 -0.6191097220482472 0.222049356153943 1.048756366230799 0.08525979744004963 0.8633312084870671 -1.005029003948697 0.330819738555978 0.5518122968430496 0.6880053166679514 -0.1128276341627636 0.5225123383897898 -1.225539987774238 0.07519610003579275 1.488443513750482 1.601238407318817 1.591204999532478
 1.853752368094052 -0.5994531935881036 0.1903334817417957 4.209643916087533 -2.920914292165866 -2.124305381776189 14.16259066689945 -1.737179522627002 -1.803632000303377 -5.048345605879568 -4.703835894892053 1.492462834626531 -0.8226108450635016 1.583499945665152 1.701246497349714 -1.241201659082757 -4.69362427676371 -1.485615352425008 2.992065363818436 0.9555398406605173 -1.861939933376071
 6.188079331327591 0.09857509420733641 -0.8202186540332437 2.434145214207415 1.422884454343715 1.163653674167369 3.846242237085804 -0.8946879715646129 1.877238473664338 4.932846506410235 4.065275651633146 -4.909372796879354 -3.501965956833739 -0.6501918504387155 1.747605072755599 -0.3658280511897994 -0.1428722706077268 -1.161733939389248 -6.535272904957212 -6.309735025610468 -3.325608399718557
 6.069648792634761 1.35257740835852 -1.193358486934579 1.002663825016404 -1.717883091536153 3.523660448581279 3.116121414998724 0.04907767616193347 -0.1027304707167846 -2.855926366674568 7.13770044654554 -3.580210333729099 -0.3535731721966782 -1.77043305331318 -6.943797363512019 -4.21627025622919 -6.478168621485602 -2.945343348150385 3.849565578091075 3.116683093532506 2.896321683736451
 2.045820742627107 -2.843094293523063 0.3668109518036963 -1.178628020224958 -1.120120988804991 3.294272859568595 -0.5952034362287373 0.06192783923011891 -0.02952414803720495 -0.4875395255782444 -0.3703219710342344 -1.340474338967844 -2.045111937828467 -0.2393867912671652 -2.93227425691315 5.625641676850692 0.4794532769742725 0.008737899562285753 4.097098290425686 -7.199907125761103 3.958301744702492

# name: <cell-element>
# type: matrix
# rows: 10
# columns: 21
 -1.369957570108643 0.7933760348372821 4.38229738276145 1.000926619605427 -7.061746655129448 0.02555405147777487 -10.51915704625653 -0.8381500119138752 -9.338867082614621 -2.349586156478728 -8.8081054954878 0.7327531965633799 -6.753052085024629 -2.789909912344722 -7.411014645314437 2.610691933852009 0.05591239585862273 -3.433346025831041 2.908400680935856 12.08709911939948 1.782607580503362
 -2.374643490744091 10.27096477812028 -1.66343836167434 -0.2478079022146619 -2.052804737238602 -0.1537501035196498 -4.257487760874584 -6.885981889038111 -7.951295827639695 -0.4082343125536355 5.66204191838964 -2.681040725435211 -3.708230502399785 3.142488150952329 7.055139930263875 -0.7836892531442817 -0.7908289680039853 5.499951611629301 0.858317111899798 -8.145732470176997 3.55442698412218
 0.8728287748031206 -3.848817022723545 2.92673004522119 2.093970619923014 -0.2762635083933088 0.5432673330381146 -6.36428409147532 0.05476281899381823 -4.73216822470172 -0.2870346738062732 4.123240469425723 -4.268748614765561 -2.525075592980351 -1.955026343654611 0.4320939589679232 1.112123483686214 1.441398366680915 -1.93328636755123 5.830055616786815 -10.43359610854521 -4.77690942988933
 -1.135560586444801 -6.346317533180173 1.248605685829853 4.33417880683729 -3.123629233715199 -0.8712449701935978 -2.004357745639893 -2.828772579359208 0.5024964370111449 -1.976818659435213 2.062644287975368 -5.033316867773699 0.9706204564159793 -2.083613314747625 0.05160767488251283 -0.7474624928127893 2.131239264097622 1.820053359685118 -2.520614168453807 0.06339927819140159 -2.688129633408467
 -3.596249677478552 7.004556782793735 -3.982349584892318 -3.503686262791629 5.528456165340678 0.1382452705230157 5.724742901605454 0.3267704232836274 0.1315575971422375 2.249608447434813 8.208447463986838 -0.02678433383483277 -1.028969105166635 1.052143380487138 -4.907968517054815 -0.6124333543205744 -0.2899496458624904 2.425588073622547 -3.761041120608546 -5.209455735477834 -8.075421383223345
 -0.7441799170611353 -3.031240731617996 -5.125341439103697 0.02267377738696779 6.319190890009748 -0.1163522708059716 -5.469445023471336 4.39202669245175 -8.847893113487254 0.7241376831880305 -0.5637980263925727 5.115193712340414 4.547111003923773 -3.704059610415288 0.3941849316600907 0.239503054314031 -0.9562196245769339 -11.58215799861261 1.760997353050191 1.779034204010131 -8.055092546907167
 1.148911117130411 5.391479873208829 -10.19009146458245 -0.7634867630026169 6.405157651574256 0.7526313916301787 1.976105772377742 -3.267254746351508 -4.051860988286954 -0.3269210614141158 0.6037926167046838 6.060221437862531 -4.195332475694227 -11.20292692257459 -1.495698213246795 -0.5661354530608758 0.8360037639892756 -8.44222840014093 2.738246203291865 -3.754830069165153 2.275993211967411
 -1.845422138402986 -9.151516022462481 -11.02491845259175 -0.1736498811294589 -3.251914748133872 2.232213633319124 -2.202562767430512 1.187252983307298 -3.785915413339962 1.288501358324136 11.48456707151946 3.093129610669824 -7.730413416333162 4.273553448408321 0.3289060631369035 0.006964115852515858 -0.2225880200966867 4.941642121286615 1.647061489217665 -2.634507232219754 -2.416042095819539
 -0.4990664781237761 8.617964216131917 2.831033526312049 -2.18338919683123 -2.058670269440795 0.2796045097178375 -14.12048799628343 8.930185529668535 2.90161012080448 0.6460216615057415 -0.6556734229841856 5.795020497814682 0.4234525431696936 -4.383585193382983 -8.496196389735667 2.041410007056033 -2.266891447345295 -1.680265442135946 -10.51315244860432 -8.383446105008927 1.019005780931797
 0.3597345279961598 -2.408858427195648 -2.315604095018208 0.8927159116883807 -4.403003745518588 -0.2634380985923684 -5.373051966115693 -4.771252766674206 4.515788205407721 2.617784028983783 -3.425398386474902 -2.919182211921546 7.873743940906535 8.714191439131612 -4.781980007434298 -0.3094343070232446 -0.3968187878539465 -0.2710556261170614 -4.702907197035032 -5.436451099473403 -0.1785893829494694

